

     sepal.length  sepal.width  petal.length  petal.width    variety
0             5.1          3.5           1.4          0.2     Setosa
1             4.9          3.0           1.4          0.2     Setosa
2             4.7          3.2           1.3          0.2     Setosa
3             4.6          3.1           1.5          0.2     Setosa
4             5.0          3.6           1.4          0.2     Setosa
..            ...          ...           ...          ...        ...
145           6.7          3.0           5.2          2.3  Virginica
146           6.3          2.5           5.0          1.9  Virginica
147           6.5          3.0           5.2          2.0  Virginica
148           6.2          3.4           5.4          2.3  Virginica
149           5.9          3.0           5.1          1.8  Virginica

[150 rows x 5 columns]
       sepal.length  sepal.width  petal.length  petal.width
count    150.000000   150.000000    150.000000   150.000000
mean       5.843333     3.057333      3.758000     1.199333
std        0.828066     0.435866      1.765298     0.762238
min        4.300000     2.000000      1.000000     0.100000
25%        5.100000     2.800000      1.600000     0.300000
50%        5.800000     3.000000      4.350000     1.300000
75%        6.400000     3.300000      5.100000     1.800000
max        7.900000     4.400000      6.900000     2.500000
<class 'pandas.core.frame.DataFrame'>
RangeIndex: 150 entries, 0 to 149
Data columns (total 5 columns):
 #   Column        Non-Null Count  Dtype  
---  ------        --------------  -----  
 0   sepal.length  150 non-null    float64
 1   sepal.width   150 non-null    float64
 2   petal.length  150 non-null    float64
 3   petal.width   150 non-null    float64
 4   variety       150 non-null    object 
dtypes: float64(4), object(1)
memory usage: 6.0+ KB
None


[[nan nan nan nan nan]
 [5.1 3.5 1.4 0.2 nan]
 [4.9 3.  1.4 0.2 nan]
 [4.7 3.2 1.3 0.2 nan]
 [4.6 3.1 1.5 0.2 nan]
 [5.  3.6 1.4 0.2 nan]
 [5.4 3.9 1.7 0.4 nan]
 [4.6 3.4 1.4 0.3 nan]
 [5.  3.4 1.5 0.2 nan]
 [4.4 2.9 1.4 0.2 nan]
 [4.9 3.1 1.5 0.1 nan]
 [5.4 3.7 1.5 0.2 nan]
 [4.8 3.4 1.6 0.2 nan]
 [4.8 3.  1.4 0.1 nan]
 [4.3 3.  1.1 0.1 nan]
 [5.8 4.  1.2 0.2 nan]
 [5.7 4.4 1.5 0.4 nan]
 [5.4 3.9 1.3 0.4 nan]
 [5.1 3.5 1.4 0.3 nan]
 [5.7 3.8 1.7 0.3 nan]
 [5.1 3.8 1.5 0.3 nan]
 [5.4 3.4 1.7 0.2 nan]
 [5.1 3.7 1.5 0.4 nan]
 [4.6 3.6 1.  0.2 nan]
 [5.1 3.3 1.7 0.5 nan]
 [4.8 3.4 1.9 0.2 nan]
 [5.  3.  1.6 0.2 nan]
 [5.  3.4 1.6 0.4 nan]
 [5.2 3.5 1.5 0.2 nan]
 [5.2 3.4 1.4 0.2 nan]
 [4.7 3.2 1.6 0.2 nan]
 [4.8 3.1 1.6 0.2 nan]
 [5.4 3.4 1.5 0.4 nan]
 [5.2 4.1 1.5 0.1 nan]
 [5.5 4.2 1.4 0.2 nan]
 [4.9 3.1 1.5 0.2 nan]
 [5.  3.2 1.2 0.2 nan]
 [5.5 3.5 1.3 0.2 nan]
 [4.9 3.6 1.4 0.1 nan]
 [4.4 3.  1.3 0.2 nan]
 [5.1 3.4 1.5 0.2 nan]
 [5.  3.5 1.3 0.3 nan]
 [4.5 2.3 1.3 0.3 nan]
 [4.4 3.2 1.3 0.2 nan]
 [5.  3.5 1.6 0.6 nan]
 [5.1 3.8 1.9 0.4 nan]
 [4.8 3.  1.4 0.3 nan]
 [5.1 3.8 1.6 0.2 nan]
 [4.6 3.2 1.4 0.2 nan]
 [5.3 3.7 1.5 0.2 nan]
 [5.  3.3 1.4 0.2 nan]
 [7.  3.2 4.7 1.4 nan]
 [6.4 3.2 4.5 1.5 nan]
 [6.9 3.1 4.9 1.5 nan]
 [5.5 2.3 4.  1.3 nan]
 [6.5 2.8 4.6 1.5 nan]
 [5.7 2.8 4.5 1.3 nan]
 [6.3 3.3 4.7 1.6 nan]
 [4.9 2.4 3.3 1.  nan]
 [6.6 2.9 4.6 1.3 nan]
 [5.2 2.7 3.9 1.4 nan]
 [5.  2.  3.5 1.  nan]
 [5.9 3.  4.2 1.5 nan]
 [6.  2.2 4.  1.  nan]
 [6.1 2.9 4.7 1.4 nan]
 [5.6 2.9 3.6 1.3 nan]
 [6.7 3.1 4.4 1.4 nan]
 [5.6 3.  4.5 1.5 nan]
 [5.8 2.7 4.1 1.  nan]
 [6.2 2.2 4.5 1.5 nan]
 [5.6 2.5 3.9 1.1 nan]
 [5.9 3.2 4.8 1.8 nan]
 [6.1 2.8 4.  1.3 nan]
 [6.3 2.5 4.9 1.5 nan]
 [6.1 2.8 4.7 1.2 nan]
 [6.4 2.9 4.3 1.3 nan]
 [6.6 3.  4.4 1.4 nan]
 [6.8 2.8 4.8 1.4 nan]
 [6.7 3.  5.  1.7 nan]
 [6.  2.9 4.5 1.5 nan]
 [5.7 2.6 3.5 1.  nan]
 [5.5 2.4 3.8 1.1 nan]
 [5.5 2.4 3.7 1.  nan]
 [5.8 2.7 3.9 1.2 nan]
 [6.  2.7 5.1 1.6 nan]
 [5.4 3.  4.5 1.5 nan]
 [6.  3.4 4.5 1.6 nan]
 [6.7 3.1 4.7 1.5 nan]
 [6.3 2.3 4.4 1.3 nan]
 [5.6 3.  4.1 1.3 nan]
 [5.5 2.5 4.  1.3 nan]
 [5.5 2.6 4.4 1.2 nan]
 [6.1 3.  4.6 1.4 nan]
 [5.8 2.6 4.  1.2 nan]
 [5.  2.3 3.3 1.  nan]
 [5.6 2.7 4.2 1.3 nan]
 [5.7 3.  4.2 1.2 nan]
 [5.7 2.9 4.2 1.3 nan]
 [6.2 2.9 4.3 1.3 nan]
 [5.1 2.5 3.  1.1 nan]
 [5.7 2.8 4.1 1.3 nan]
 [6.3 3.3 6.  2.5 nan]
 [5.8 2.7 5.1 1.9 nan]
 [7.1 3.  5.9 2.1 nan]
 [6.3 2.9 5.6 1.8 nan]
 [6.5 3.  5.8 2.2 nan]
 [7.6 3.  6.6 2.1 nan]
 [4.9 2.5 4.5 1.7 nan]
 [7.3 2.9 6.3 1.8 nan]
 [6.7 2.5 5.8 1.8 nan]
 [7.2 3.6 6.1 2.5 nan]
 [6.5 3.2 5.1 2.  nan]
 [6.4 2.7 5.3 1.9 nan]
 [6.8 3.  5.5 2.1 nan]
 [5.7 2.5 5.  2.  nan]
 [5.8 2.8 5.1 2.4 nan]
 [6.4 3.2 5.3 2.3 nan]
 [6.5 3.  5.5 1.8 nan]
 [7.7 3.8 6.7 2.2 nan]
 [7.7 2.6 6.9 2.3 nan]
 [6.  2.2 5.  1.5 nan]
 [6.9 3.2 5.7 2.3 nan]
 [5.6 2.8 4.9 2.  nan]
 [7.7 2.8 6.7 2.  nan]
 [6.3 2.7 4.9 1.8 nan]
 [6.7 3.3 5.7 2.1 nan]
 [7.2 3.2 6.  1.8 nan]
 [6.2 2.8 4.8 1.8 nan]
 [6.1 3.  4.9 1.8 nan]
 [6.4 2.8 5.6 2.1 nan]
 [7.2 3.  5.8 1.6 nan]
 [7.4 2.8 6.1 1.9 nan]
 [7.9 3.8 6.4 2.  nan]
 [6.4 2.8 5.6 2.2 nan]
 [6.3 2.8 5.1 1.5 nan]
 [6.1 2.6 5.6 1.4 nan]
 [7.7 3.  6.1 2.3 nan]
 [6.3 3.4 5.6 2.4 nan]
 [6.4 3.1 5.5 1.8 nan]
 [6.  3.  4.8 1.8 nan]
 [6.9 3.1 5.4 2.1 nan]
 [6.7 3.1 5.6 2.4 nan]
 [6.9 3.1 5.1 2.3 nan]
 [5.8 2.7 5.1 1.9 nan]
 [6.8 3.2 5.9 2.3 nan]
 [6.7 3.3 5.7 2.5 nan]
 [6.7 3.  5.2 2.3 nan]
 [6.3 2.5 5.  1.9 nan]
 [6.5 3.  5.2 2.  nan]
 [6.2 3.4 5.4 2.3 nan]
 [5.9 3.  5.1 1.8 nan]]
     sepal.length  sepal.width  petal.length  petal.width    variety
0             5.1          3.5           1.4          0.2     Setosa
1             4.9          3.0           1.4          0.2     Setosa
2             4.7          3.2           1.3          0.2     Setosa
3             4.6          3.1           1.5          0.2     Setosa
4             5.0          3.6           1.4          0.2     Setosa
..            ...          ...           ...          ...        ...
145           6.7          3.0           5.2          2.3  Virginica
146           6.3          2.5           5.0          1.9  Virginica
147           6.5          3.0           5.2          2.0  Virginica
148           6.2          3.4           5.4          2.3  Virginica
149           5.9          3.0           5.1          1.8  Virginica

[150 rows x 5 columns]
       sepal.length  sepal.width  petal.length  petal.width
count    150.000000   150.000000    150.000000   150.000000
mean       5.843333     3.057333      3.758000     1.199333
std        0.828066     0.435866      1.765298     0.762238
min        4.300000     2.000000      1.000000     0.100000
25%        5.100000     2.800000      1.600000     0.300000
50%        5.800000     3.000000      4.350000     1.300000
75%        6.400000     3.300000      5.100000     1.800000
max        7.900000     4.400000      6.900000     2.500000
